for the key PhotovoltaicsAdvanced.energy:
	mean: -7570.750855522781
	min: -25100.454166242926
	max: 0
	sum: -5632638.636508955

for the key PhotovoltaicsAdvanced.money:
	mean: -757.0750855523306
	min: -2510.045416624933
	max: 0
	sum: -563263.8636509344

