for the key SolarThermalCollector.energy:
	mean: -1676.3748063773355
	min: -14036.834982846747
	max: 0
	sum: -1247222.855944735

for the key SolarThermalCollector.money:
	mean: -172.45686446590048
	min: -1460.0947352236508
	max: 0
	sum: -128307.90716262968

