for the key LVE.energy_mismatch:
	mean: 40679.068129795356
	min: -3319.7873131085507
	max: 116752.47532767858
	sum: 30265226.688567687

for the key LTH.energy_mismatch:
	mean: 1416.6666666666486
	min: -4.547473508864641e-13
	max: 2000.0000000000218
	sum: 1053999.999999987

